cat,prop_Non-EU,prop_EU28,prop_UK,sizeN. Ireland,1.91,5.08,93.01,1830Scotland,3.85,3.60,92.55,5274North East,3.59,1.93,94.49,2594North West,5.73,3.66,90.61,7074Yorks. & Humber,5.47,3.48,91.05,5320East Midlands,6.05,4.84,89.12,4612West Midlands,7.72,4.36,87.91,5683Wales ,3.23,2.35,94.42,3065East,6.55,5.50,87.96,6003London,25.79,10.87,63.34,8576South East ,7.83,4.61,87.56,8809South West ,4.62,3.63,91.76,5373